2021/11/07-18:44:20.306044 10b7e6600 RocksDB version: 6.17.3
2021/11/07-18:44:20.306907 10b7e6600 Git sha rocksdb_build_git_sha:@09c7e96eac1ab983f97ce9e0406730b8014b3398@
2021/11/07-18:44:20.307188 10b7e6600 Compile date Nov  3 2021
2021/11/07-18:44:20.307233 10b7e6600 DB SUMMARY
2021/11/07-18:44:20.307251 10b7e6600 DB Session ID:  5E2ACA5FDJJG1DSD9EB8
2021/11/07-18:44:20.307593 10b7e6600 SST files in test-ledger/rocksdb dir, Total Num: 0, files: 
2021/11/07-18:44:20.307600 10b7e6600 Write Ahead Log file in test-ledger/rocksdb: 
2021/11/07-18:44:20.307603 10b7e6600                         Options.error_if_exists: 0
2021/11/07-18:44:20.307609 10b7e6600                       Options.create_if_missing: 1
2021/11/07-18:44:20.307611 10b7e6600                         Options.paranoid_checks: 1
2021/11/07-18:44:20.307613 10b7e6600                               Options.track_and_verify_wals_in_manifest: 0
2021/11/07-18:44:20.307615 10b7e6600                                     Options.env: 0x108c78848
2021/11/07-18:44:20.307617 10b7e6600                                      Options.fs: Posix File System
2021/11/07-18:44:20.307619 10b7e6600                                Options.info_log: 0x6000007b8550
2021/11/07-18:44:20.307621 10b7e6600                Options.max_file_opening_threads: 16
2021/11/07-18:44:20.307623 10b7e6600                              Options.statistics: 0x0
2021/11/07-18:44:20.307624 10b7e6600                               Options.use_fsync: 0
2021/11/07-18:44:20.307626 10b7e6600                       Options.max_log_file_size: 0
2021/11/07-18:44:20.307628 10b7e6600                  Options.max_manifest_file_size: 1073741824
2021/11/07-18:44:20.307630 10b7e6600                   Options.log_file_time_to_roll: 0
2021/11/07-18:44:20.307631 10b7e6600                       Options.keep_log_file_num: 1000
2021/11/07-18:44:20.307633 10b7e6600                    Options.recycle_log_file_num: 0
2021/11/07-18:44:20.307635 10b7e6600                         Options.allow_fallocate: 1
2021/11/07-18:44:20.307636 10b7e6600                        Options.allow_mmap_reads: 0
2021/11/07-18:44:20.307637 10b7e6600                       Options.allow_mmap_writes: 0
2021/11/07-18:44:20.307638 10b7e6600                        Options.use_direct_reads: 0
2021/11/07-18:44:20.307639 10b7e6600                        Options.use_direct_io_for_flush_and_compaction: 0
2021/11/07-18:44:20.307640 10b7e6600          Options.create_missing_column_families: 1
2021/11/07-18:44:20.307641 10b7e6600                              Options.db_log_dir: 
2021/11/07-18:44:20.307642 10b7e6600                                 Options.wal_dir: test-ledger/rocksdb
2021/11/07-18:44:20.307643 10b7e6600                Options.table_cache_numshardbits: 6
2021/11/07-18:44:20.307644 10b7e6600                         Options.WAL_ttl_seconds: 0
2021/11/07-18:44:20.307645 10b7e6600                       Options.WAL_size_limit_MB: 0
2021/11/07-18:44:20.307646 10b7e6600                        Options.max_write_batch_group_size_bytes: 1048576
2021/11/07-18:44:20.307647 10b7e6600             Options.manifest_preallocation_size: 4194304
2021/11/07-18:44:20.307648 10b7e6600                     Options.is_fd_close_on_exec: 1
2021/11/07-18:44:20.307649 10b7e6600                   Options.advise_random_on_open: 1
2021/11/07-18:44:20.307650 10b7e6600                    Options.db_write_buffer_size: 0
2021/11/07-18:44:20.307651 10b7e6600                    Options.write_buffer_manager: 0x600002ab8f00
2021/11/07-18:44:20.307652 10b7e6600         Options.access_hint_on_compaction_start: 1
2021/11/07-18:44:20.307653 10b7e6600  Options.new_table_reader_for_compaction_inputs: 0
2021/11/07-18:44:20.307654 10b7e6600           Options.random_access_max_buffer_size: 1048576
2021/11/07-18:44:20.307655 10b7e6600                      Options.use_adaptive_mutex: 0
2021/11/07-18:44:20.307656 10b7e6600                            Options.rate_limiter: 0x0
2021/11/07-18:44:20.307657 10b7e6600     Options.sst_file_manager.rate_bytes_per_sec: 0
2021/11/07-18:44:20.307659 10b7e6600                       Options.wal_recovery_mode: 2
2021/11/07-18:44:20.307660 10b7e6600                  Options.enable_thread_tracking: 0
2021/11/07-18:44:20.307700 10b7e6600                  Options.enable_pipelined_write: 0
2021/11/07-18:44:20.307702 10b7e6600                  Options.unordered_write: 0
2021/11/07-18:44:20.307703 10b7e6600         Options.allow_concurrent_memtable_write: 1
2021/11/07-18:44:20.307704 10b7e6600      Options.enable_write_thread_adaptive_yield: 1
2021/11/07-18:44:20.307705 10b7e6600             Options.write_thread_max_yield_usec: 100
2021/11/07-18:44:20.307706 10b7e6600            Options.write_thread_slow_yield_usec: 3
2021/11/07-18:44:20.307707 10b7e6600                               Options.row_cache: None
2021/11/07-18:44:20.307708 10b7e6600                              Options.wal_filter: None
2021/11/07-18:44:20.307710 10b7e6600             Options.avoid_flush_during_recovery: 0
2021/11/07-18:44:20.307711 10b7e6600             Options.allow_ingest_behind: 0
2021/11/07-18:44:20.307712 10b7e6600             Options.preserve_deletes: 0
2021/11/07-18:44:20.307713 10b7e6600             Options.two_write_queues: 0
2021/11/07-18:44:20.307714 10b7e6600             Options.manual_wal_flush: 0
2021/11/07-18:44:20.307715 10b7e6600             Options.atomic_flush: 0
2021/11/07-18:44:20.307716 10b7e6600             Options.avoid_unnecessary_blocking_io: 0
2021/11/07-18:44:20.307717 10b7e6600                 Options.persist_stats_to_disk: 0
2021/11/07-18:44:20.307718 10b7e6600                 Options.write_dbid_to_manifest: 0
2021/11/07-18:44:20.307719 10b7e6600                 Options.log_readahead_size: 0
2021/11/07-18:44:20.307720 10b7e6600                 Options.file_checksum_gen_factory: Unknown
2021/11/07-18:44:20.307722 10b7e6600                 Options.best_efforts_recovery: 0
2021/11/07-18:44:20.307723 10b7e6600                Options.max_bgerror_resume_count: 2147483647
2021/11/07-18:44:20.307724 10b7e6600            Options.bgerror_resume_retry_interval: 1000000
2021/11/07-18:44:20.307725 10b7e6600             Options.allow_data_in_errors: 0
2021/11/07-18:44:20.307726 10b7e6600             Options.db_host_id: __hostname__
2021/11/07-18:44:20.307727 10b7e6600             Options.max_background_jobs: 4
2021/11/07-18:44:20.307728 10b7e6600             Options.max_background_compactions: -1
2021/11/07-18:44:20.307729 10b7e6600             Options.max_subcompactions: 1
2021/11/07-18:44:20.307730 10b7e6600             Options.avoid_flush_during_shutdown: 0
2021/11/07-18:44:20.307731 10b7e6600           Options.writable_file_max_buffer_size: 1048576
2021/11/07-18:44:20.307732 10b7e6600             Options.delayed_write_rate : 16777216
2021/11/07-18:44:20.307733 10b7e6600             Options.max_total_wal_size: 4294967296
2021/11/07-18:44:20.307735 10b7e6600             Options.delete_obsolete_files_period_micros: 21600000000
2021/11/07-18:44:20.307736 10b7e6600                   Options.stats_dump_period_sec: 600
2021/11/07-18:44:20.307737 10b7e6600                 Options.stats_persist_period_sec: 600
2021/11/07-18:44:20.307738 10b7e6600                 Options.stats_history_buffer_size: 1048576
2021/11/07-18:44:20.307739 10b7e6600                          Options.max_open_files: -1
2021/11/07-18:44:20.307740 10b7e6600                          Options.bytes_per_sync: 0
2021/11/07-18:44:20.307741 10b7e6600                      Options.wal_bytes_per_sync: 0
2021/11/07-18:44:20.307742 10b7e6600                   Options.strict_bytes_per_sync: 0
2021/11/07-18:44:20.307743 10b7e6600       Options.compaction_readahead_size: 0
2021/11/07-18:44:20.307744 10b7e6600                  Options.max_background_flushes: -1
2021/11/07-18:44:20.307745 10b7e6600 Compression algorithms supported:
2021/11/07-18:44:20.307747 10b7e6600 	kZSTD supported: 0
2021/11/07-18:44:20.307748 10b7e6600 	kZlibCompression supported: 0
2021/11/07-18:44:20.307749 10b7e6600 	kXpressCompression supported: 0
2021/11/07-18:44:20.307750 10b7e6600 	kSnappyCompression supported: 0
2021/11/07-18:44:20.307752 10b7e6600 	kZSTDNotFinalCompression supported: 0
2021/11/07-18:44:20.307753 10b7e6600 	kLZ4HCCompression supported: 1
2021/11/07-18:44:20.307770 10b7e6600 	kLZ4Compression supported: 1
2021/11/07-18:44:20.307771 10b7e6600 	kBZip2Compression supported: 0
2021/11/07-18:44:20.307773 10b7e6600 Fast CRC32 supported: Supported on x86
2021/11/07-18:44:20.308868 10b7e6600 [db/db_impl/db_impl_open.cc:283] Creating manifest 1 
2021/11/07-18:44:20.310901 10b7e6600 [db/version_set.cc:4757] Recovering from manifest file: test-ledger/rocksdb/MANIFEST-000001
2021/11/07-18:44:20.312072 10b7e6600 [db/column_family.cc:597] --------------- Options for column family [default]:
2021/11/07-18:44:20.312194 10b7e6600               Options.comparator: leveldb.BytewiseComparator
2021/11/07-18:44:20.312196 10b7e6600           Options.merge_operator: None
2021/11/07-18:44:20.312197 10b7e6600        Options.compaction_filter: None
2021/11/07-18:44:20.312198 10b7e6600        Options.compaction_filter_factory: None
2021/11/07-18:44:20.312199 10b7e6600  Options.sst_partitioner_factory: None
2021/11/07-18:44:20.312201 10b7e6600         Options.memtable_factory: SkipListFactory
2021/11/07-18:44:20.312202 10b7e6600            Options.table_factory: BlockBasedTable
2021/11/07-18:44:20.312222 10b7e6600            table_factory options:   flush_block_policy_factory: FlushBlockBySizePolicyFactory (0x6000026a4f90)
  cache_index_and_filter_blocks: 0
  cache_index_and_filter_blocks_with_high_priority: 1
  pin_l0_filter_and_index_blocks_in_cache: 0
  pin_top_level_index_and_filter: 1
  index_type: 0
  data_block_index_type: 0
  index_shortening: 1
  data_block_hash_table_util_ratio: 0.750000
  hash_index_allow_collision: 1
  checksum: 1
  no_block_cache: 0
  block_cache: 0x6000015b8bf8
  block_cache_name: LRUCache
  block_cache_options:
    capacity : 8388608
    num_shard_bits : 4
    strict_capacity_limit : 0
    memory_allocator : None
    high_pri_pool_ratio: 0.000
  block_cache_compressed: 0x0
  persistent_cache: 0x0
  block_size: 4096
  block_size_deviation: 10
  block_restart_interval: 16
  index_block_restart_interval: 1
  metadata_block_size: 4096
  partition_filters: 0
  use_delta_encoding: 1
  filter_policy: nullptr
  whole_key_filtering: 1
  verify_compression: 0
  read_amp_bytes_per_bit: 0
  format_version: 4
  enable_index_compression: 1
  block_align: 0
2021/11/07-18:44:20.312225 10b7e6600        Options.write_buffer_size: 67108864
2021/11/07-18:44:20.312226 10b7e6600  Options.max_write_buffer_number: 2
2021/11/07-18:44:20.312455 10b7e6600          Options.compression: NoCompression
2021/11/07-18:44:20.312460 10b7e6600                  Options.bottommost_compression: Disabled
2021/11/07-18:44:20.312463 10b7e6600       Options.prefix_extractor: nullptr
2021/11/07-18:44:20.312464 10b7e6600   Options.memtable_insert_with_hint_prefix_extractor: nullptr
2021/11/07-18:44:20.312466 10b7e6600             Options.num_levels: 7
2021/11/07-18:44:20.312468 10b7e6600        Options.min_write_buffer_number_to_merge: 1
2021/11/07-18:44:20.312469 10b7e6600     Options.max_write_buffer_number_to_maintain: 0
2021/11/07-18:44:20.312471 10b7e6600     Options.max_write_buffer_size_to_maintain: 0
2021/11/07-18:44:20.312473 10b7e6600            Options.bottommost_compression_opts.window_bits: -14
2021/11/07-18:44:20.312474 10b7e6600                  Options.bottommost_compression_opts.level: 32767
2021/11/07-18:44:20.312476 10b7e6600               Options.bottommost_compression_opts.strategy: 0
2021/11/07-18:44:20.312478 10b7e6600         Options.bottommost_compression_opts.max_dict_bytes: 0
2021/11/07-18:44:20.312479 10b7e6600         Options.bottommost_compression_opts.zstd_max_train_bytes: 0
2021/11/07-18:44:20.312481 10b7e6600         Options.bottommost_compression_opts.parallel_threads: 1
2021/11/07-18:44:20.312483 10b7e6600                  Options.bottommost_compression_opts.enabled: false
2021/11/07-18:44:20.312485 10b7e6600            Options.compression_opts.window_bits: -14
2021/11/07-18:44:20.312486 10b7e6600                  Options.compression_opts.level: 32767
2021/11/07-18:44:20.312488 10b7e6600               Options.compression_opts.strategy: 0
2021/11/07-18:44:20.312490 10b7e6600         Options.compression_opts.max_dict_bytes: 0
2021/11/07-18:44:20.312530 10b7e6600         Options.compression_opts.zstd_max_train_bytes: 0
2021/11/07-18:44:20.312532 10b7e6600         Options.compression_opts.parallel_threads: 1
2021/11/07-18:44:20.312534 10b7e6600                  Options.compression_opts.enabled: false
2021/11/07-18:44:20.312536 10b7e6600      Options.level0_file_num_compaction_trigger: 4
2021/11/07-18:44:20.312538 10b7e6600          Options.level0_slowdown_writes_trigger: 20
2021/11/07-18:44:20.312540 10b7e6600              Options.level0_stop_writes_trigger: 36
2021/11/07-18:44:20.312541 10b7e6600                   Options.target_file_size_base: 67108864
2021/11/07-18:44:20.312543 10b7e6600             Options.target_file_size_multiplier: 1
2021/11/07-18:44:20.312545 10b7e6600                Options.max_bytes_for_level_base: 268435456
2021/11/07-18:44:20.312547 10b7e6600 Options.level_compaction_dynamic_level_bytes: 0
2021/11/07-18:44:20.312549 10b7e6600          Options.max_bytes_for_level_multiplier: 10.000000
2021/11/07-18:44:20.312551 10b7e6600 Options.max_bytes_for_level_multiplier_addtl[0]: 1
2021/11/07-18:44:20.312553 10b7e6600 Options.max_bytes_for_level_multiplier_addtl[1]: 1
2021/11/07-18:44:20.312555 10b7e6600 Options.max_bytes_for_level_multiplier_addtl[2]: 1
2021/11/07-18:44:20.312557 10b7e6600 Options.max_bytes_for_level_multiplier_addtl[3]: 1
2021/11/07-18:44:20.312559 10b7e6600 Options.max_bytes_for_level_multiplier_addtl[4]: 1
2021/11/07-18:44:20.312561 10b7e6600 Options.max_bytes_for_level_multiplier_addtl[5]: 1
2021/11/07-18:44:20.312562 10b7e6600 Options.max_bytes_for_level_multiplier_addtl[6]: 1
2021/11/07-18:44:20.312564 10b7e6600       Options.max_sequential_skip_in_iterations: 8
2021/11/07-18:44:20.312566 10b7e6600                    Options.max_compaction_bytes: 1677721600
2021/11/07-18:44:20.312568 10b7e6600                        Options.arena_block_size: 8388608
2021/11/07-18:44:20.312570 10b7e6600   Options.soft_pending_compaction_bytes_limit: 68719476736
2021/11/07-18:44:20.312571 10b7e6600   Options.hard_pending_compaction_bytes_limit: 274877906944
2021/11/07-18:44:20.312573 10b7e6600       Options.rate_limit_delay_max_milliseconds: 100
2021/11/07-18:44:20.312575 10b7e6600                Options.disable_auto_compactions: 0
2021/11/07-18:44:20.312577 10b7e6600                        Options.compaction_style: kCompactionStyleLevel
2021/11/07-18:44:20.312579 10b7e6600                          Options.compaction_pri: kMinOverlappingRatio
2021/11/07-18:44:20.312581 10b7e6600 Options.compaction_options_universal.size_ratio: 1
2021/11/07-18:44:20.312583 10b7e6600 Options.compaction_options_universal.min_merge_width: 2
2021/11/07-18:44:20.312585 10b7e6600 Options.compaction_options_universal.max_merge_width: 4294967295
2021/11/07-18:44:20.312587 10b7e6600 Options.compaction_options_universal.max_size_amplification_percent: 200
2021/11/07-18:44:20.312589 10b7e6600 Options.compaction_options_universal.compression_size_percent: -1
2021/11/07-18:44:20.312592 10b7e6600 Options.compaction_options_universal.stop_style: kCompactionStopStyleTotalSize
2021/11/07-18:44:20.312594 10b7e6600 Options.compaction_options_fifo.max_table_files_size: 1073741824
2021/11/07-18:44:20.312596 10b7e6600 Options.compaction_options_fifo.allow_compaction: 0
2021/11/07-18:44:20.312599 10b7e6600                   Options.table_properties_collectors: 
2021/11/07-18:44:20.312601 10b7e6600                   Options.inplace_update_support: 0
2021/11/07-18:44:20.312603 10b7e6600                 Options.inplace_update_num_locks: 10000
2021/11/07-18:44:20.312605 10b7e6600               Options.memtable_prefix_bloom_size_ratio: 0.000000
2021/11/07-18:44:20.312607 10b7e6600               Options.memtable_whole_key_filtering: 0
2021/11/07-18:44:20.312609 10b7e6600   Options.memtable_huge_page_size: 0
2021/11/07-18:44:20.312611 10b7e6600                           Options.bloom_locality: 0
2021/11/07-18:44:20.312612 10b7e6600                    Options.max_successive_merges: 0
2021/11/07-18:44:20.312614 10b7e6600                Options.optimize_filters_for_hits: 0
2021/11/07-18:44:20.312639 10b7e6600                Options.paranoid_file_checks: 0
2021/11/07-18:44:20.312641 10b7e6600                Options.force_consistency_checks: 1
2021/11/07-18:44:20.312643 10b7e6600                Options.report_bg_io_stats: 0
2021/11/07-18:44:20.312644 10b7e6600                               Options.ttl: 2592000
2021/11/07-18:44:20.312646 10b7e6600          Options.periodic_compaction_seconds: 0
2021/11/07-18:44:20.312647 10b7e6600                    Options.enable_blob_files: false
2021/11/07-18:44:20.312649 10b7e6600                        Options.min_blob_size: 0
2021/11/07-18:44:20.312650 10b7e6600                       Options.blob_file_size: 268435456
2021/11/07-18:44:20.312652 10b7e6600                Options.blob_compression_type: NoCompression
2021/11/07-18:44:20.312653 10b7e6600       Options.enable_blob_garbage_collection: false
2021/11/07-18:44:20.312655 10b7e6600   Options.blob_garbage_collection_age_cutoff: 0.250000
2021/11/07-18:44:20.314461 10b7e6600 [db/version_set.cc:4805] Recovered from manifest file:test-ledger/rocksdb/MANIFEST-000001 succeeded,manifest_file_number is 1, next_file_number is 3, last_sequence is 0, log_number is 0,prev_log_number is 0,max_column_family is 0,min_log_number_to_keep is 0
2021/11/07-18:44:20.314466 10b7e6600 [db/version_set.cc:4814] Column family [default] (ID 0), log number is 0
2021/11/07-18:44:20.314822 10b7e6600 [db/version_set.cc:4111] Creating manifest 3
2021/11/07-18:44:20.316037 10b7e6600 [db/column_family.cc:597] --------------- Options for column family [meta]:
2021/11/07-18:44:20.316041 10b7e6600               Options.comparator: leveldb.BytewiseComparator
2021/11/07-18:44:20.316043 10b7e6600           Options.merge_operator: None
2021/11/07-18:44:20.316044 10b7e6600        Options.compaction_filter: None
2021/11/07-18:44:20.316048 10b7e6600        Options.compaction_filter_factory: purged_slot_filter_factory(meta)
2021/11/07-18:44:20.316049 10b7e6600  Options.sst_partitioner_factory: None
2021/11/07-18:44:20.316050 10b7e6600         Options.memtable_factory: SkipListFactory
2021/11/07-18:44:20.316051 10b7e6600            Options.table_factory: BlockBasedTable
2021/11/07-18:44:20.316079 10b7e6600            table_factory options:   flush_block_policy_factory: FlushBlockBySizePolicyFactory (0x6000026bc8a0)
  cache_index_and_filter_blocks: 0
  cache_index_and_filter_blocks_with_high_priority: 1
  pin_l0_filter_and_index_blocks_in_cache: 0
  pin_top_level_index_and_filter: 1
  index_type: 0
  data_block_index_type: 0
  index_shortening: 1
  data_block_hash_table_util_ratio: 0.750000
  hash_index_allow_collision: 1
  checksum: 1
  no_block_cache: 0
  block_cache: 0x6000015b0298
  block_cache_name: LRUCache
  block_cache_options:
    capacity : 8388608
    num_shard_bits : 4
    strict_capacity_limit : 0
    memory_allocator : None
    high_pri_pool_ratio: 0.000
  block_cache_compressed: 0x0
  persistent_cache: 0x0
  block_size: 4096
  block_size_deviation: 10
  block_restart_interval: 16
  index_block_restart_interval: 1
  metadata_block_size: 4096
  partition_filters: 0
  use_delta_encoding: 1
  filter_policy: nullptr
  whole_key_filtering: 1
  verify_compression: 0
  read_amp_bytes_per_bit: 0
  format_version: 4
  enable_index_compression: 1
  block_align: 0
2021/11/07-18:44:20.316084 10b7e6600        Options.write_buffer_size: 268435456
2021/11/07-18:44:20.316085 10b7e6600  Options.max_write_buffer_number: 8
2021/11/07-18:44:20.316087 10b7e6600          Options.compression: NoCompression
2021/11/07-18:44:20.316088 10b7e6600                  Options.bottommost_compression: Disabled
2021/11/07-18:44:20.316089 10b7e6600       Options.prefix_extractor: nullptr
2021/11/07-18:44:20.316090 10b7e6600   Options.memtable_insert_with_hint_prefix_extractor: nullptr
2021/11/07-18:44:20.316091 10b7e6600             Options.num_levels: 7
2021/11/07-18:44:20.316092 10b7e6600        Options.min_write_buffer_number_to_merge: 1
2021/11/07-18:44:20.316093 10b7e6600     Options.max_write_buffer_number_to_maintain: 0
2021/11/07-18:44:20.316094 10b7e6600     Options.max_write_buffer_size_to_maintain: 0
2021/11/07-18:44:20.316095 10b7e6600            Options.bottommost_compression_opts.window_bits: -14
2021/11/07-18:44:20.316097 10b7e6600                  Options.bottommost_compression_opts.level: 32767
2021/11/07-18:44:20.316098 10b7e6600               Options.bottommost_compression_opts.strategy: 0
2021/11/07-18:44:20.316099 10b7e6600         Options.bottommost_compression_opts.max_dict_bytes: 0
2021/11/07-18:44:20.316100 10b7e6600         Options.bottommost_compression_opts.zstd_max_train_bytes: 0
2021/11/07-18:44:20.316101 10b7e6600         Options.bottommost_compression_opts.parallel_threads: 1
2021/11/07-18:44:20.316102 10b7e6600                  Options.bottommost_compression_opts.enabled: false
2021/11/07-18:44:20.316103 10b7e6600            Options.compression_opts.window_bits: -14
2021/11/07-18:44:20.316104 10b7e6600                  Options.compression_opts.level: 32767
2021/11/07-18:44:20.316106 10b7e6600               Options.compression_opts.strategy: 0
2021/11/07-18:44:20.316107 10b7e6600         Options.compression_opts.max_dict_bytes: 0
2021/11/07-18:44:20.316108 10b7e6600         Options.compression_opts.zstd_max_train_bytes: 0
2021/11/07-18:44:20.316109 10b7e6600         Options.compression_opts.parallel_threads: 1
2021/11/07-18:44:20.316110 10b7e6600                  Options.compression_opts.enabled: false
2021/11/07-18:44:20.316111 10b7e6600      Options.level0_file_num_compaction_trigger: 4
2021/11/07-18:44:20.316131 10b7e6600          Options.level0_slowdown_writes_trigger: 20
2021/11/07-18:44:20.316132 10b7e6600              Options.level0_stop_writes_trigger: 36
2021/11/07-18:44:20.316133 10b7e6600                   Options.target_file_size_base: 107374182
2021/11/07-18:44:20.316134 10b7e6600             Options.target_file_size_multiplier: 1
2021/11/07-18:44:20.316136 10b7e6600                Options.max_bytes_for_level_base: 1073741824
2021/11/07-18:44:20.316137 10b7e6600 Options.level_compaction_dynamic_level_bytes: 0
2021/11/07-18:44:20.316138 10b7e6600          Options.max_bytes_for_level_multiplier: 10.000000
2021/11/07-18:44:20.316139 10b7e6600 Options.max_bytes_for_level_multiplier_addtl[0]: 1
2021/11/07-18:44:20.316140 10b7e6600 Options.max_bytes_for_level_multiplier_addtl[1]: 1
2021/11/07-18:44:20.316142 10b7e6600 Options.max_bytes_for_level_multiplier_addtl[2]: 1
2021/11/07-18:44:20.316143 10b7e6600 Options.max_bytes_for_level_multiplier_addtl[3]: 1
2021/11/07-18:44:20.316144 10b7e6600 Options.max_bytes_for_level_multiplier_addtl[4]: 1
2021/11/07-18:44:20.316145 10b7e6600 Options.max_bytes_for_level_multiplier_addtl[5]: 1
2021/11/07-18:44:20.316146 10b7e6600 Options.max_bytes_for_level_multiplier_addtl[6]: 1
2021/11/07-18:44:20.316147 10b7e6600       Options.max_sequential_skip_in_iterations: 8
2021/11/07-18:44:20.316148 10b7e6600                    Options.max_compaction_bytes: 2684354550
2021/11/07-18:44:20.316149 10b7e6600                        Options.arena_block_size: 33554432
2021/11/07-18:44:20.316150 10b7e6600   Options.soft_pending_compaction_bytes_limit: 68719476736
2021/11/07-18:44:20.316151 10b7e6600   Options.hard_pending_compaction_bytes_limit: 274877906944
2021/11/07-18:44:20.316152 10b7e6600       Options.rate_limit_delay_max_milliseconds: 100
2021/11/07-18:44:20.316153 10b7e6600                Options.disable_auto_compactions: 0
2021/11/07-18:44:20.316155 10b7e6600                        Options.compaction_style: kCompactionStyleLevel
2021/11/07-18:44:20.316156 10b7e6600                          Options.compaction_pri: kMinOverlappingRatio
2021/11/07-18:44:20.316157 10b7e6600 Options.compaction_options_universal.size_ratio: 1
2021/11/07-18:44:20.316158 10b7e6600 Options.compaction_options_universal.min_merge_width: 2
2021/11/07-18:44:20.316159 10b7e6600 Options.compaction_options_universal.max_merge_width: 4294967295
2021/11/07-18:44:20.316160 10b7e6600 Options.compaction_options_universal.max_size_amplification_percent: 200
2021/11/07-18:44:20.316161 10b7e6600 Options.compaction_options_universal.compression_size_percent: -1
2021/11/07-18:44:20.316163 10b7e6600 Options.compaction_options_universal.stop_style: kCompactionStopStyleTotalSize
2021/11/07-18:44:20.316164 10b7e6600 Options.compaction_options_fifo.max_table_files_size: 1073741824
2021/11/07-18:44:20.316165 10b7e6600 Options.compaction_options_fifo.allow_compaction: 0
2021/11/07-18:44:20.316167 10b7e6600                   Options.table_properties_collectors: 
2021/11/07-18:44:20.316168 10b7e6600                   Options.inplace_update_support: 0
2021/11/07-18:44:20.316169 10b7e6600                 Options.inplace_update_num_locks: 10000
2021/11/07-18:44:20.316170 10b7e6600               Options.memtable_prefix_bloom_size_ratio: 0.000000
2021/11/07-18:44:20.316171 10b7e6600               Options.memtable_whole_key_filtering: 0
2021/11/07-18:44:20.316173 10b7e6600   Options.memtable_huge_page_size: 0
2021/11/07-18:44:20.316174 10b7e6600                           Options.bloom_locality: 0
2021/11/07-18:44:20.316175 10b7e6600                    Options.max_successive_merges: 0
2021/11/07-18:44:20.316176 10b7e6600                Options.optimize_filters_for_hits: 0
2021/11/07-18:44:20.316177 10b7e6600                Options.paranoid_file_checks: 0
2021/11/07-18:44:20.316178 10b7e6600                Options.force_consistency_checks: 1
2021/11/07-18:44:20.316179 10b7e6600                Options.report_bg_io_stats: 0
2021/11/07-18:44:20.316180 10b7e6600                               Options.ttl: 2592000
2021/11/07-18:44:20.316195 10b7e6600          Options.periodic_compaction_seconds: 2592000
2021/11/07-18:44:20.316197 10b7e6600                    Options.enable_blob_files: false
2021/11/07-18:44:20.316198 10b7e6600                        Options.min_blob_size: 0
2021/11/07-18:44:20.316199 10b7e6600                       Options.blob_file_size: 268435456
2021/11/07-18:44:20.316200 10b7e6600                Options.blob_compression_type: NoCompression
2021/11/07-18:44:20.316201 10b7e6600       Options.enable_blob_garbage_collection: false
2021/11/07-18:44:20.316202 10b7e6600   Options.blob_garbage_collection_age_cutoff: 0.250000
2021/11/07-18:44:20.316525 10b7e6600 [db/db_impl/db_impl.cc:2658] Created column family [meta] (ID 1)
2021/11/07-18:44:20.319283 10b7e6600 [db/column_family.cc:597] --------------- Options for column family [dead_slots]:
2021/11/07-18:44:20.319289 10b7e6600               Options.comparator: leveldb.BytewiseComparator
2021/11/07-18:44:20.319291 10b7e6600           Options.merge_operator: None
2021/11/07-18:44:20.319292 10b7e6600        Options.compaction_filter: None
2021/11/07-18:44:20.319294 10b7e6600        Options.compaction_filter_factory: purged_slot_filter_factory(dead_slots)
2021/11/07-18:44:20.319295 10b7e6600  Options.sst_partitioner_factory: None
2021/11/07-18:44:20.319296 10b7e6600         Options.memtable_factory: SkipListFactory
2021/11/07-18:44:20.319297 10b7e6600            Options.table_factory: BlockBasedTable
2021/11/07-18:44:20.319312 10b7e6600            table_factory options:   flush_block_policy_factory: FlushBlockBySizePolicyFactory (0x6000026a4c50)
  cache_index_and_filter_blocks: 0
  cache_index_and_filter_blocks_with_high_priority: 1
  pin_l0_filter_and_index_blocks_in_cache: 0
  pin_top_level_index_and_filter: 1
  index_type: 0
  data_block_index_type: 0
  index_shortening: 1
  data_block_hash_table_util_ratio: 0.750000
  hash_index_allow_collision: 1
  checksum: 1
  no_block_cache: 0
  block_cache: 0x6000015b80b8
  block_cache_name: LRUCache
  block_cache_options:
    capacity : 8388608
    num_shard_bits : 4
    strict_capacity_limit : 0
    memory_allocator : None
    high_pri_pool_ratio: 0.000
  block_cache_compressed: 0x0
  persistent_cache: 0x0
  block_size: 4096
  block_size_deviation: 10
  block_restart_interval: 16
  index_block_restart_interval: 1
  metadata_block_size: 4096
  partition_filters: 0
  use_delta_encoding: 1
  filter_policy: nullptr
  whole_key_filtering: 1
  verify_compression: 0
  read_amp_bytes_per_bit: 0
  format_version: 4
  enable_index_compression: 1
  block_align: 0
2021/11/07-18:44:20.319315 10b7e6600        Options.write_buffer_size: 268435456
2021/11/07-18:44:20.319316 10b7e6600  Options.max_write_buffer_number: 8
2021/11/07-18:44:20.319317 10b7e6600          Options.compression: NoCompression
2021/11/07-18:44:20.319318 10b7e6600                  Options.bottommost_compression: Disabled
2021/11/07-18:44:20.319319 10b7e6600       Options.prefix_extractor: nullptr
2021/11/07-18:44:20.319320 10b7e6600   Options.memtable_insert_with_hint_prefix_extractor: nullptr
2021/11/07-18:44:20.319321 10b7e6600             Options.num_levels: 7
2021/11/07-18:44:20.319322 10b7e6600        Options.min_write_buffer_number_to_merge: 1
2021/11/07-18:44:20.319323 10b7e6600     Options.max_write_buffer_number_to_maintain: 0
2021/11/07-18:44:20.319324 10b7e6600     Options.max_write_buffer_size_to_maintain: 0
2021/11/07-18:44:20.319325 10b7e6600            Options.bottommost_compression_opts.window_bits: -14
2021/11/07-18:44:20.319326 10b7e6600                  Options.bottommost_compression_opts.level: 32767
2021/11/07-18:44:20.319328 10b7e6600               Options.bottommost_compression_opts.strategy: 0
2021/11/07-18:44:20.319328 10b7e6600         Options.bottommost_compression_opts.max_dict_bytes: 0
2021/11/07-18:44:20.319330 10b7e6600         Options.bottommost_compression_opts.zstd_max_train_bytes: 0
2021/11/07-18:44:20.319331 10b7e6600         Options.bottommost_compression_opts.parallel_threads: 1
2021/11/07-18:44:20.319332 10b7e6600                  Options.bottommost_compression_opts.enabled: false
2021/11/07-18:44:20.319333 10b7e6600            Options.compression_opts.window_bits: -14
2021/11/07-18:44:20.319334 10b7e6600                  Options.compression_opts.level: 32767
2021/11/07-18:44:20.319335 10b7e6600               Options.compression_opts.strategy: 0
2021/11/07-18:44:20.319336 10b7e6600         Options.compression_opts.max_dict_bytes: 0
2021/11/07-18:44:20.319337 10b7e6600         Options.compression_opts.zstd_max_train_bytes: 0
2021/11/07-18:44:20.319338 10b7e6600         Options.compression_opts.parallel_threads: 1
2021/11/07-18:44:20.319339 10b7e6600                  Options.compression_opts.enabled: false
2021/11/07-18:44:20.319340 10b7e6600      Options.level0_file_num_compaction_trigger: 4
2021/11/07-18:44:20.319362 10b7e6600          Options.level0_slowdown_writes_trigger: 20
2021/11/07-18:44:20.319363 10b7e6600              Options.level0_stop_writes_trigger: 36
2021/11/07-18:44:20.319364 10b7e6600                   Options.target_file_size_base: 107374182
2021/11/07-18:44:20.319365 10b7e6600             Options.target_file_size_multiplier: 1
2021/11/07-18:44:20.319366 10b7e6600                Options.max_bytes_for_level_base: 1073741824
2021/11/07-18:44:20.319367 10b7e6600 Options.level_compaction_dynamic_level_bytes: 0
2021/11/07-18:44:20.319368 10b7e6600          Options.max_bytes_for_level_multiplier: 10.000000
2021/11/07-18:44:20.319370 10b7e6600 Options.max_bytes_for_level_multiplier_addtl[0]: 1
2021/11/07-18:44:20.319371 10b7e6600 Options.max_bytes_for_level_multiplier_addtl[1]: 1
2021/11/07-18:44:20.319372 10b7e6600 Options.max_bytes_for_level_multiplier_addtl[2]: 1
2021/11/07-18:44:20.319373 10b7e6600 Options.max_bytes_for_level_multiplier_addtl[3]: 1
2021/11/07-18:44:20.319374 10b7e6600 Options.max_bytes_for_level_multiplier_addtl[4]: 1
2021/11/07-18:44:20.319375 10b7e6600 Options.max_bytes_for_level_multiplier_addtl[5]: 1
2021/11/07-18:44:20.319377 10b7e6600 Options.max_bytes_for_level_multiplier_addtl[6]: 1
2021/11/07-18:44:20.319378 10b7e6600       Options.max_sequential_skip_in_iterations: 8
2021/11/07-18:44:20.319379 10b7e6600                    Options.max_compaction_bytes: 2684354550
2021/11/07-18:44:20.319380 10b7e6600                        Options.arena_block_size: 33554432
2021/11/07-18:44:20.319381 10b7e6600   Options.soft_pending_compaction_bytes_limit: 68719476736
2021/11/07-18:44:20.319382 10b7e6600   Options.hard_pending_compaction_bytes_limit: 274877906944
2021/11/07-18:44:20.319383 10b7e6600       Options.rate_limit_delay_max_milliseconds: 100
2021/11/07-18:44:20.319384 10b7e6600                Options.disable_auto_compactions: 0
2021/11/07-18:44:20.319385 10b7e6600                        Options.compaction_style: kCompactionStyleLevel
2021/11/07-18:44:20.319387 10b7e6600                          Options.compaction_pri: kMinOverlappingRatio
2021/11/07-18:44:20.319388 10b7e6600 Options.compaction_options_universal.size_ratio: 1
2021/11/07-18:44:20.319389 10b7e6600 Options.compaction_options_universal.min_merge_width: 2
2021/11/07-18:44:20.319390 10b7e6600 Options.compaction_options_universal.max_merge_width: 4294967295
2021/11/07-18:44:20.319391 10b7e6600 Options.compaction_options_universal.max_size_amplification_percent: 200
2021/11/07-18:44:20.319392 10b7e6600 Options.compaction_options_universal.compression_size_percent: -1
2021/11/07-18:44:20.319394 10b7e6600 Options.compaction_options_universal.stop_style: kCompactionStopStyleTotalSize
2021/11/07-18:44:20.319395 10b7e6600 Options.compaction_options_fifo.max_table_files_size: 1073741824
2021/11/07-18:44:20.319396 10b7e6600 Options.compaction_options_fifo.allow_compaction: 0
2021/11/07-18:44:20.319398 10b7e6600                   Options.table_properties_collectors: 
2021/11/07-18:44:20.319399 10b7e6600                   Options.inplace_update_support: 0
2021/11/07-18:44:20.319400 10b7e6600                 Options.inplace_update_num_locks: 10000
2021/11/07-18:44:20.319401 10b7e6600               Options.memtable_prefix_bloom_size_ratio: 0.000000
2021/11/07-18:44:20.319402 10b7e6600               Options.memtable_whole_key_filtering: 0
2021/11/07-18:44:20.319403 10b7e6600   Options.memtable_huge_page_size: 0
2021/11/07-18:44:20.319404 10b7e6600                           Options.bloom_locality: 0
2021/11/07-18:44:20.319405 10b7e6600                    Options.max_successive_merges: 0
2021/11/07-18:44:20.319406 10b7e6600                Options.optimize_filters_for_hits: 0
2021/11/07-18:44:20.319407 10b7e6600                Options.paranoid_file_checks: 0
2021/11/07-18:44:20.319408 10b7e6600                Options.force_consistency_checks: 1
2021/11/07-18:44:20.319409 10b7e6600                Options.report_bg_io_stats: 0
2021/11/07-18:44:20.319410 10b7e6600                               Options.ttl: 2592000
2021/11/07-18:44:20.319426 10b7e6600          Options.periodic_compaction_seconds: 2592000
2021/11/07-18:44:20.319428 10b7e6600                    Options.enable_blob_files: false
2021/11/07-18:44:20.319429 10b7e6600                        Options.min_blob_size: 0
2021/11/07-18:44:20.319430 10b7e6600                       Options.blob_file_size: 268435456
2021/11/07-18:44:20.319431 10b7e6600                Options.blob_compression_type: NoCompression
2021/11/07-18:44:20.319432 10b7e6600       Options.enable_blob_garbage_collection: false
2021/11/07-18:44:20.319433 10b7e6600   Options.blob_garbage_collection_age_cutoff: 0.250000
2021/11/07-18:44:20.319485 10b7e6600 [db/db_impl/db_impl.cc:2658] Created column family [dead_slots] (ID 2)
2021/11/07-18:44:20.321798 10b7e6600 [db/column_family.cc:597] --------------- Options for column family [duplicate_slots]:
2021/11/07-18:44:20.321803 10b7e6600               Options.comparator: leveldb.BytewiseComparator
2021/11/07-18:44:20.321804 10b7e6600           Options.merge_operator: None
2021/11/07-18:44:20.321805 10b7e6600        Options.compaction_filter: None
2021/11/07-18:44:20.321807 10b7e6600        Options.compaction_filter_factory: purged_slot_filter_factory(duplicate_slots)
2021/11/07-18:44:20.321808 10b7e6600  Options.sst_partitioner_factory: None
2021/11/07-18:44:20.321809 10b7e6600         Options.memtable_factory: SkipListFactory
2021/11/07-18:44:20.321810 10b7e6600            Options.table_factory: BlockBasedTable
2021/11/07-18:44:20.321826 10b7e6600            table_factory options:   flush_block_policy_factory: FlushBlockBySizePolicyFactory (0x6000026a4c90)
  cache_index_and_filter_blocks: 0
  cache_index_and_filter_blocks_with_high_priority: 1
  pin_l0_filter_and_index_blocks_in_cache: 0
  pin_top_level_index_and_filter: 1
  index_type: 0
  data_block_index_type: 0
  index_shortening: 1
  data_block_hash_table_util_ratio: 0.750000
  hash_index_allow_collision: 1
  checksum: 1
  no_block_cache: 0
  block_cache: 0x6000015b8158
  block_cache_name: LRUCache
  block_cache_options:
    capacity : 8388608
    num_shard_bits : 4
    strict_capacity_limit : 0
    memory_allocator : None
    high_pri_pool_ratio: 0.000
  block_cache_compressed: 0x0
  persistent_cache: 0x0
  block_size: 4096
  block_size_deviation: 10
  block_restart_interval: 16
  index_block_restart_interval: 1
  metadata_block_size: 4096
  partition_filters: 0
  use_delta_encoding: 1
  filter_policy: nullptr
  whole_key_filtering: 1
  verify_compression: 0
  read_amp_bytes_per_bit: 0
  format_version: 4
  enable_index_compression: 1
  block_align: 0
2021/11/07-18:44:20.321828 10b7e6600        Options.write_buffer_size: 268435456
2021/11/07-18:44:20.321830 10b7e6600  Options.max_write_buffer_number: 8
2021/11/07-18:44:20.321831 10b7e6600          Options.compression: NoCompression
2021/11/07-18:44:20.321832 10b7e6600                  Options.bottommost_compression: Disabled
2021/11/07-18:44:20.321833 10b7e6600       Options.prefix_extractor: nullptr
2021/11/07-18:44:20.321834 10b7e6600   Options.memtable_insert_with_hint_prefix_extractor: nullptr
2021/11/07-18:44:20.321835 10b7e6600             Options.num_levels: 7
2021/11/07-18:44:20.321836 10b7e6600        Options.min_write_buffer_number_to_merge: 1
2021/11/07-18:44:20.321837 10b7e6600     Options.max_write_buffer_number_to_maintain: 0
2021/11/07-18:44:20.321839 10b7e6600     Options.max_write_buffer_size_to_maintain: 0
2021/11/07-18:44:20.321840 10b7e6600            Options.bottommost_compression_opts.window_bits: -14
2021/11/07-18:44:20.321841 10b7e6600                  Options.bottommost_compression_opts.level: 32767
2021/11/07-18:44:20.321842 10b7e6600               Options.bottommost_compression_opts.strategy: 0
2021/11/07-18:44:20.321843 10b7e6600         Options.bottommost_compression_opts.max_dict_bytes: 0
2021/11/07-18:44:20.321844 10b7e6600         Options.bottommost_compression_opts.zstd_max_train_bytes: 0
2021/11/07-18:44:20.321845 10b7e6600         Options.bottommost_compression_opts.parallel_threads: 1
2021/11/07-18:44:20.321846 10b7e6600                  Options.bottommost_compression_opts.enabled: false
2021/11/07-18:44:20.321847 10b7e6600            Options.compression_opts.window_bits: -14
2021/11/07-18:44:20.321849 10b7e6600                  Options.compression_opts.level: 32767
2021/11/07-18:44:20.321850 10b7e6600               Options.compression_opts.strategy: 0
2021/11/07-18:44:20.321851 10b7e6600         Options.compression_opts.max_dict_bytes: 0
2021/11/07-18:44:20.321852 10b7e6600         Options.compression_opts.zstd_max_train_bytes: 0
2021/11/07-18:44:20.321853 10b7e6600         Options.compression_opts.parallel_threads: 1
2021/11/07-18:44:20.321854 10b7e6600                  Options.compression_opts.enabled: false
