2021/11/07-18:44:20.732153 10b7e6600 RocksDB version: 6.17.3
2021/11/07-18:44:20.732194 10b7e6600 Git sha rocksdb_build_git_sha:@09c7e96eac1ab983f97ce9e0406730b8014b3398@
2021/11/07-18:44:20.732196 10b7e6600 Compile date Nov  3 2021
2021/11/07-18:44:20.732210 10b7e6600 DB SUMMARY
2021/11/07-18:44:20.732211 10b7e6600 DB Session ID:  5LDWBDLTHX0K8KZSBQ0W
2021/11/07-18:44:20.732255 10b7e6600 CURRENT file:  CURRENT
2021/11/07-18:44:20.732257 10b7e6600 IDENTITY file:  IDENTITY
2021/11/07-18:44:20.732261 10b7e6600 MANIFEST file:  MANIFEST-000003 size: 1376 Bytes
2021/11/07-18:44:20.732263 10b7e6600 SST files in test-ledger/rocksdb dir, Total Num: 0, files: 
2021/11/07-18:44:20.732265 10b7e6600 Write Ahead Log file in test-ledger/rocksdb: 000004.log size: 3918 ; 
2021/11/07-18:44:20.732266 10b7e6600                         Options.error_if_exists: 0
2021/11/07-18:44:20.732268 10b7e6600                       Options.create_if_missing: 1
2021/11/07-18:44:20.732269 10b7e6600                         Options.paranoid_checks: 1
2021/11/07-18:44:20.732270 10b7e6600                               Options.track_and_verify_wals_in_manifest: 0
2021/11/07-18:44:20.732271 10b7e6600                                     Options.env: 0x108c78848
2021/11/07-18:44:20.732273 10b7e6600                                      Options.fs: Posix File System
2021/11/07-18:44:20.732274 10b7e6600                                Options.info_log: 0x6000007917c0
2021/11/07-18:44:20.732275 10b7e6600                Options.max_file_opening_threads: 16
2021/11/07-18:44:20.732276 10b7e6600                              Options.statistics: 0x0
2021/11/07-18:44:20.732278 10b7e6600                               Options.use_fsync: 0
2021/11/07-18:44:20.732279 10b7e6600                       Options.max_log_file_size: 0
2021/11/07-18:44:20.732280 10b7e6600                  Options.max_manifest_file_size: 1073741824
2021/11/07-18:44:20.732281 10b7e6600                   Options.log_file_time_to_roll: 0
2021/11/07-18:44:20.732282 10b7e6600                       Options.keep_log_file_num: 1000
2021/11/07-18:44:20.732283 10b7e6600                    Options.recycle_log_file_num: 0
2021/11/07-18:44:20.732284 10b7e6600                         Options.allow_fallocate: 1
2021/11/07-18:44:20.732286 10b7e6600                        Options.allow_mmap_reads: 0
2021/11/07-18:44:20.732287 10b7e6600                       Options.allow_mmap_writes: 0
2021/11/07-18:44:20.732288 10b7e6600                        Options.use_direct_reads: 0
2021/11/07-18:44:20.732289 10b7e6600                        Options.use_direct_io_for_flush_and_compaction: 0
2021/11/07-18:44:20.732290 10b7e6600          Options.create_missing_column_families: 1
2021/11/07-18:44:20.732291 10b7e6600                              Options.db_log_dir: 
2021/11/07-18:44:20.732293 10b7e6600                                 Options.wal_dir: test-ledger/rocksdb
2021/11/07-18:44:20.732294 10b7e6600                Options.table_cache_numshardbits: 6
2021/11/07-18:44:20.732295 10b7e6600                         Options.WAL_ttl_seconds: 0
2021/11/07-18:44:20.732296 10b7e6600                       Options.WAL_size_limit_MB: 0
2021/11/07-18:44:20.732297 10b7e6600                        Options.max_write_batch_group_size_bytes: 1048576
2021/11/07-18:44:20.732298 10b7e6600             Options.manifest_preallocation_size: 4194304
2021/11/07-18:44:20.732299 10b7e6600                     Options.is_fd_close_on_exec: 1
2021/11/07-18:44:20.732300 10b7e6600                   Options.advise_random_on_open: 1
2021/11/07-18:44:20.732302 10b7e6600                    Options.db_write_buffer_size: 0
2021/11/07-18:44:20.732303 10b7e6600                    Options.write_buffer_manager: 0x600002a48930
2021/11/07-18:44:20.732304 10b7e6600         Options.access_hint_on_compaction_start: 1
2021/11/07-18:44:20.732305 10b7e6600  Options.new_table_reader_for_compaction_inputs: 0
2021/11/07-18:44:20.732306 10b7e6600           Options.random_access_max_buffer_size: 1048576
2021/11/07-18:44:20.732307 10b7e6600                      Options.use_adaptive_mutex: 0
2021/11/07-18:44:20.732308 10b7e6600                            Options.rate_limiter: 0x0
2021/11/07-18:44:20.732329 10b7e6600     Options.sst_file_manager.rate_bytes_per_sec: 0
2021/11/07-18:44:20.732331 10b7e6600                       Options.wal_recovery_mode: 2
2021/11/07-18:44:20.732332 10b7e6600                  Options.enable_thread_tracking: 0
2021/11/07-18:44:20.732333 10b7e6600                  Options.enable_pipelined_write: 0
2021/11/07-18:44:20.732334 10b7e6600                  Options.unordered_write: 0
2021/11/07-18:44:20.732336 10b7e6600         Options.allow_concurrent_memtable_write: 1
2021/11/07-18:44:20.732337 10b7e6600      Options.enable_write_thread_adaptive_yield: 1
2021/11/07-18:44:20.732338 10b7e6600             Options.write_thread_max_yield_usec: 100
2021/11/07-18:44:20.732339 10b7e6600            Options.write_thread_slow_yield_usec: 3
2021/11/07-18:44:20.732340 10b7e6600                               Options.row_cache: None
2021/11/07-18:44:20.732341 10b7e6600                              Options.wal_filter: None
2021/11/07-18:44:20.732342 10b7e6600             Options.avoid_flush_during_recovery: 0
2021/11/07-18:44:20.732343 10b7e6600             Options.allow_ingest_behind: 0
2021/11/07-18:44:20.732344 10b7e6600             Options.preserve_deletes: 0
2021/11/07-18:44:20.732346 10b7e6600             Options.two_write_queues: 0
2021/11/07-18:44:20.732347 10b7e6600             Options.manual_wal_flush: 0
2021/11/07-18:44:20.732348 10b7e6600             Options.atomic_flush: 0
2021/11/07-18:44:20.732349 10b7e6600             Options.avoid_unnecessary_blocking_io: 0
2021/11/07-18:44:20.732350 10b7e6600                 Options.persist_stats_to_disk: 0
2021/11/07-18:44:20.732351 10b7e6600                 Options.write_dbid_to_manifest: 0
2021/11/07-18:44:20.732352 10b7e6600                 Options.log_readahead_size: 0
2021/11/07-18:44:20.732353 10b7e6600                 Options.file_checksum_gen_factory: Unknown
2021/11/07-18:44:20.732354 10b7e6600                 Options.best_efforts_recovery: 0
2021/11/07-18:44:20.732355 10b7e6600                Options.max_bgerror_resume_count: 2147483647
2021/11/07-18:44:20.732357 10b7e6600            Options.bgerror_resume_retry_interval: 1000000
2021/11/07-18:44:20.732358 10b7e6600             Options.allow_data_in_errors: 0
2021/11/07-18:44:20.732359 10b7e6600             Options.db_host_id: __hostname__
2021/11/07-18:44:20.732360 10b7e6600             Options.max_background_jobs: 4
2021/11/07-18:44:20.732361 10b7e6600             Options.max_background_compactions: -1
2021/11/07-18:44:20.732362 10b7e6600             Options.max_subcompactions: 1
2021/11/07-18:44:20.732363 10b7e6600             Options.avoid_flush_during_shutdown: 0
2021/11/07-18:44:20.732364 10b7e6600           Options.writable_file_max_buffer_size: 1048576
2021/11/07-18:44:20.732365 10b7e6600             Options.delayed_write_rate : 16777216
2021/11/07-18:44:20.732366 10b7e6600             Options.max_total_wal_size: 4294967296
2021/11/07-18:44:20.732367 10b7e6600             Options.delete_obsolete_files_period_micros: 21600000000
2021/11/07-18:44:20.732368 10b7e6600                   Options.stats_dump_period_sec: 600
2021/11/07-18:44:20.732370 10b7e6600                 Options.stats_persist_period_sec: 600
2021/11/07-18:44:20.732371 10b7e6600                 Options.stats_history_buffer_size: 1048576
2021/11/07-18:44:20.732372 10b7e6600                          Options.max_open_files: -1
2021/11/07-18:44:20.732373 10b7e6600                          Options.bytes_per_sync: 0
2021/11/07-18:44:20.732374 10b7e6600                      Options.wal_bytes_per_sync: 0
2021/11/07-18:44:20.732375 10b7e6600                   Options.strict_bytes_per_sync: 0
2021/11/07-18:44:20.732376 10b7e6600       Options.compaction_readahead_size: 0
2021/11/07-18:44:20.732377 10b7e6600                  Options.max_background_flushes: -1
2021/11/07-18:44:20.732379 10b7e6600 Compression algorithms supported:
2021/11/07-18:44:20.732380 10b7e6600 	kZSTD supported: 0
2021/11/07-18:44:20.732381 10b7e6600 	kZlibCompression supported: 0
2021/11/07-18:44:20.732382 10b7e6600 	kXpressCompression supported: 0
2021/11/07-18:44:20.732397 10b7e6600 	kSnappyCompression supported: 0
2021/11/07-18:44:20.732398 10b7e6600 	kZSTDNotFinalCompression supported: 0
2021/11/07-18:44:20.732399 10b7e6600 	kLZ4HCCompression supported: 1
2021/11/07-18:44:20.732401 10b7e6600 	kLZ4Compression supported: 1
2021/11/07-18:44:20.732402 10b7e6600 	kBZip2Compression supported: 0
2021/11/07-18:44:20.732403 10b7e6600 Fast CRC32 supported: Supported on x86
2021/11/07-18:44:20.732499 10b7e6600 [db/version_set.cc:4757] Recovering from manifest file: test-ledger/rocksdb/MANIFEST-000003
2021/11/07-18:44:20.732538 10b7e6600 [db/column_family.cc:597] --------------- Options for column family [default]:
2021/11/07-18:44:20.732540 10b7e6600               Options.comparator: leveldb.BytewiseComparator
2021/11/07-18:44:20.732541 10b7e6600           Options.merge_operator: None
2021/11/07-18:44:20.732542 10b7e6600        Options.compaction_filter: None
2021/11/07-18:44:20.732544 10b7e6600        Options.compaction_filter_factory: None
2021/11/07-18:44:20.732545 10b7e6600  Options.sst_partitioner_factory: None
2021/11/07-18:44:20.732546 10b7e6600         Options.memtable_factory: SkipListFactory
2021/11/07-18:44:20.732547 10b7e6600            Options.table_factory: BlockBasedTable
2021/11/07-18:44:20.732561 10b7e6600            table_factory options:   flush_block_policy_factory: FlushBlockBySizePolicyFactory (0x6000026bcd00)
  cache_index_and_filter_blocks: 0
  cache_index_and_filter_blocks_with_high_priority: 1
  pin_l0_filter_and_index_blocks_in_cache: 0
  pin_top_level_index_and_filter: 1
  index_type: 0
  data_block_index_type: 0
  index_shortening: 1
  data_block_hash_table_util_ratio: 0.750000
  hash_index_allow_collision: 1
  checksum: 1
  no_block_cache: 0
  block_cache: 0x6000015aa8b8
  block_cache_name: LRUCache
  block_cache_options:
    capacity : 8388608
    num_shard_bits : 4
    strict_capacity_limit : 0
    memory_allocator : None
    high_pri_pool_ratio: 0.000
  block_cache_compressed: 0x0
  persistent_cache: 0x0
  block_size: 4096
  block_size_deviation: 10
  block_restart_interval: 16
  index_block_restart_interval: 1
  metadata_block_size: 4096
  partition_filters: 0
  use_delta_encoding: 1
  filter_policy: nullptr
  whole_key_filtering: 1
  verify_compression: 0
  read_amp_bytes_per_bit: 0
  format_version: 4
  enable_index_compression: 1
  block_align: 0
2021/11/07-18:44:20.732565 10b7e6600        Options.write_buffer_size: 67108864
2021/11/07-18:44:20.732566 10b7e6600  Options.max_write_buffer_number: 2
2021/11/07-18:44:20.732568 10b7e6600          Options.compression: NoCompression
2021/11/07-18:44:20.732569 10b7e6600                  Options.bottommost_compression: Disabled
2021/11/07-18:44:20.732570 10b7e6600       Options.prefix_extractor: nullptr
2021/11/07-18:44:20.732571 10b7e6600   Options.memtable_insert_with_hint_prefix_extractor: nullptr
2021/11/07-18:44:20.732572 10b7e6600             Options.num_levels: 7
2021/11/07-18:44:20.732573 10b7e6600        Options.min_write_buffer_number_to_merge: 1
2021/11/07-18:44:20.732574 10b7e6600     Options.max_write_buffer_number_to_maintain: 0
2021/11/07-18:44:20.732575 10b7e6600     Options.max_write_buffer_size_to_maintain: 0
2021/11/07-18:44:20.732576 10b7e6600            Options.bottommost_compression_opts.window_bits: -14
2021/11/07-18:44:20.732577 10b7e6600                  Options.bottommost_compression_opts.level: 32767
2021/11/07-18:44:20.732578 10b7e6600               Options.bottommost_compression_opts.strategy: 0
2021/11/07-18:44:20.732579 10b7e6600         Options.bottommost_compression_opts.max_dict_bytes: 0
2021/11/07-18:44:20.732580 10b7e6600         Options.bottommost_compression_opts.zstd_max_train_bytes: 0
2021/11/07-18:44:20.732582 10b7e6600         Options.bottommost_compression_opts.parallel_threads: 1
2021/11/07-18:44:20.732583 10b7e6600                  Options.bottommost_compression_opts.enabled: false
2021/11/07-18:44:20.732584 10b7e6600            Options.compression_opts.window_bits: -14
2021/11/07-18:44:20.732585 10b7e6600                  Options.compression_opts.level: 32767
2021/11/07-18:44:20.732604 10b7e6600               Options.compression_opts.strategy: 0
2021/11/07-18:44:20.732605 10b7e6600         Options.compression_opts.max_dict_bytes: 0
2021/11/07-18:44:20.732606 10b7e6600         Options.compression_opts.zstd_max_train_bytes: 0
2021/11/07-18:44:20.732607 10b7e6600         Options.compression_opts.parallel_threads: 1
2021/11/07-18:44:20.732608 10b7e6600                  Options.compression_opts.enabled: false
2021/11/07-18:44:20.732609 10b7e6600      Options.level0_file_num_compaction_trigger: 4
2021/11/07-18:44:20.732611 10b7e6600          Options.level0_slowdown_writes_trigger: 20
2021/11/07-18:44:20.732612 10b7e6600              Options.level0_stop_writes_trigger: 36
2021/11/07-18:44:20.732613 10b7e6600                   Options.target_file_size_base: 67108864
2021/11/07-18:44:20.732614 10b7e6600             Options.target_file_size_multiplier: 1
2021/11/07-18:44:20.732615 10b7e6600                Options.max_bytes_for_level_base: 268435456
2021/11/07-18:44:20.732616 10b7e6600 Options.level_compaction_dynamic_level_bytes: 0
2021/11/07-18:44:20.732617 10b7e6600          Options.max_bytes_for_level_multiplier: 10.000000
2021/11/07-18:44:20.732619 10b7e6600 Options.max_bytes_for_level_multiplier_addtl[0]: 1
2021/11/07-18:44:20.732620 10b7e6600 Options.max_bytes_for_level_multiplier_addtl[1]: 1
2021/11/07-18:44:20.732621 10b7e6600 Options.max_bytes_for_level_multiplier_addtl[2]: 1
2021/11/07-18:44:20.732622 10b7e6600 Options.max_bytes_for_level_multiplier_addtl[3]: 1
2021/11/07-18:44:20.732623 10b7e6600 Options.max_bytes_for_level_multiplier_addtl[4]: 1
2021/11/07-18:44:20.732624 10b7e6600 Options.max_bytes_for_level_multiplier_addtl[5]: 1
2021/11/07-18:44:20.732626 10b7e6600 Options.max_bytes_for_level_multiplier_addtl[6]: 1
2021/11/07-18:44:20.732627 10b7e6600       Options.max_sequential_skip_in_iterations: 8
2021/11/07-18:44:20.732628 10b7e6600                    Options.max_compaction_bytes: 1677721600
2021/11/07-18:44:20.732629 10b7e6600                        Options.arena_block_size: 8388608
2021/11/07-18:44:20.732630 10b7e6600   Options.soft_pending_compaction_bytes_limit: 68719476736
2021/11/07-18:44:20.732631 10b7e6600   Options.hard_pending_compaction_bytes_limit: 274877906944
2021/11/07-18:44:20.732632 10b7e6600       Options.rate_limit_delay_max_milliseconds: 100
2021/11/07-18:44:20.732634 10b7e6600                Options.disable_auto_compactions: 0
2021/11/07-18:44:20.732635 10b7e6600                        Options.compaction_style: kCompactionStyleLevel
2021/11/07-18:44:20.732636 10b7e6600                          Options.compaction_pri: kMinOverlappingRatio
2021/11/07-18:44:20.732637 10b7e6600 Options.compaction_options_universal.size_ratio: 1
2021/11/07-18:44:20.732638 10b7e6600 Options.compaction_options_universal.min_merge_width: 2
2021/11/07-18:44:20.732639 10b7e6600 Options.compaction_options_universal.max_merge_width: 4294967295
2021/11/07-18:44:20.732641 10b7e6600 Options.compaction_options_universal.max_size_amplification_percent: 200
2021/11/07-18:44:20.732642 10b7e6600 Options.compaction_options_universal.compression_size_percent: -1
2021/11/07-18:44:20.732643 10b7e6600 Options.compaction_options_universal.stop_style: kCompactionStopStyleTotalSize
2021/11/07-18:44:20.732644 10b7e6600 Options.compaction_options_fifo.max_table_files_size: 1073741824
2021/11/07-18:44:20.732645 10b7e6600 Options.compaction_options_fifo.allow_compaction: 0
2021/11/07-18:44:20.732647 10b7e6600                   Options.table_properties_collectors: 
2021/11/07-18:44:20.732648 10b7e6600                   Options.inplace_update_support: 0
2021/11/07-18:44:20.732650 10b7e6600                 Options.inplace_update_num_locks: 10000
2021/11/07-18:44:20.732651 10b7e6600               Options.memtable_prefix_bloom_size_ratio: 0.000000
2021/11/07-18:44:20.732652 10b7e6600               Options.memtable_whole_key_filtering: 0
2021/11/07-18:44:20.732653 10b7e6600   Options.memtable_huge_page_size: 0
2021/11/07-18:44:20.732654 10b7e6600                           Options.bloom_locality: 0
2021/11/07-18:44:20.732669 10b7e6600                    Options.max_successive_merges: 0
2021/11/07-18:44:20.732670 10b7e6600                Options.optimize_filters_for_hits: 0
2021/11/07-18:44:20.732671 10b7e6600                Options.paranoid_file_checks: 0
2021/11/07-18:44:20.732672 10b7e6600                Options.force_consistency_checks: 1
2021/11/07-18:44:20.732673 10b7e6600                Options.report_bg_io_stats: 0
2021/11/07-18:44:20.732675 10b7e6600                               Options.ttl: 2592000
2021/11/07-18:44:20.732676 10b7e6600          Options.periodic_compaction_seconds: 0
2021/11/07-18:44:20.732677 10b7e6600                    Options.enable_blob_files: false
2021/11/07-18:44:20.732678 10b7e6600                        Options.min_blob_size: 0
2021/11/07-18:44:20.732679 10b7e6600                       Options.blob_file_size: 268435456
2021/11/07-18:44:20.732680 10b7e6600                Options.blob_compression_type: NoCompression
2021/11/07-18:44:20.732681 10b7e6600       Options.enable_blob_garbage_collection: false
2021/11/07-18:44:20.732682 10b7e6600   Options.blob_garbage_collection_age_cutoff: 0.250000
2021/11/07-18:44:20.732717 10b7e6600 [db/column_family.cc:597] --------------- Options for column family [meta]:
2021/11/07-18:44:20.732719 10b7e6600               Options.comparator: leveldb.BytewiseComparator
2021/11/07-18:44:20.732720 10b7e6600           Options.merge_operator: None
2021/11/07-18:44:20.732721 10b7e6600        Options.compaction_filter: None
2021/11/07-18:44:20.732722 10b7e6600        Options.compaction_filter_factory: purged_slot_filter_factory(meta)
2021/11/07-18:44:20.732724 10b7e6600  Options.sst_partitioner_factory: None
2021/11/07-18:44:20.732725 10b7e6600         Options.memtable_factory: SkipListFactory
2021/11/07-18:44:20.732726 10b7e6600            Options.table_factory: BlockBasedTable
2021/11/07-18:44:20.732737 10b7e6600            table_factory options:   flush_block_policy_factory: FlushBlockBySizePolicyFactory (0x6000026bc970)
  cache_index_and_filter_blocks: 0
  cache_index_and_filter_blocks_with_high_priority: 1
  pin_l0_filter_and_index_blocks_in_cache: 0
  pin_top_level_index_and_filter: 1
  index_type: 0
  data_block_index_type: 0
  index_shortening: 1
  data_block_hash_table_util_ratio: 0.750000
  hash_index_allow_collision: 1
  checksum: 1
  no_block_cache: 0
  block_cache: 0x6000015a9738
  block_cache_name: LRUCache
  block_cache_options:
    capacity : 8388608
    num_shard_bits : 4
    strict_capacity_limit : 0
    memory_allocator : None
    high_pri_pool_ratio: 0.000
  block_cache_compressed: 0x0
  persistent_cache: 0x0
  block_size: 4096
  block_size_deviation: 10
  block_restart_interval: 16
  index_block_restart_interval: 1
  metadata_block_size: 4096
  partition_filters: 0
  use_delta_encoding: 1
  filter_policy: nullptr
  whole_key_filtering: 1
  verify_compression: 0
  read_amp_bytes_per_bit: 0
  format_version: 4
  enable_index_compression: 1
  block_align: 0
2021/11/07-18:44:20.732740 10b7e6600        Options.write_buffer_size: 268435456
2021/11/07-18:44:20.732741 10b7e6600  Options.max_write_buffer_number: 8
2021/11/07-18:44:20.732742 10b7e6600          Options.compression: NoCompression
2021/11/07-18:44:20.732743 10b7e6600                  Options.bottommost_compression: Disabled
2021/11/07-18:44:20.732744 10b7e6600       Options.prefix_extractor: nullptr
2021/11/07-18:44:20.732745 10b7e6600   Options.memtable_insert_with_hint_prefix_extractor: nullptr
2021/11/07-18:44:20.732746 10b7e6600             Options.num_levels: 7
2021/11/07-18:44:20.732747 10b7e6600        Options.min_write_buffer_number_to_merge: 1
2021/11/07-18:44:20.732748 10b7e6600     Options.max_write_buffer_number_to_maintain: 0
2021/11/07-18:44:20.732749 10b7e6600     Options.max_write_buffer_size_to_maintain: 0
2021/11/07-18:44:20.732750 10b7e6600            Options.bottommost_compression_opts.window_bits: -14
2021/11/07-18:44:20.732752 10b7e6600                  Options.bottommost_compression_opts.level: 32767
2021/11/07-18:44:20.732753 10b7e6600               Options.bottommost_compression_opts.strategy: 0
2021/11/07-18:44:20.732769 10b7e6600         Options.bottommost_compression_opts.max_dict_bytes: 0
2021/11/07-18:44:20.732771 10b7e6600         Options.bottommost_compression_opts.zstd_max_train_bytes: 0
2021/11/07-18:44:20.732772 10b7e6600         Options.bottommost_compression_opts.parallel_threads: 1
2021/11/07-18:44:20.732773 10b7e6600                  Options.bottommost_compression_opts.enabled: false
2021/11/07-18:44:20.732774 10b7e6600            Options.compression_opts.window_bits: -14
2021/11/07-18:44:20.732775 10b7e6600                  Options.compression_opts.level: 32767
2021/11/07-18:44:20.732777 10b7e6600               Options.compression_opts.strategy: 0
2021/11/07-18:44:20.732778 10b7e6600         Options.compression_opts.max_dict_bytes: 0
2021/11/07-18:44:20.732779 10b7e6600         Options.compression_opts.zstd_max_train_bytes: 0
2021/11/07-18:44:20.732780 10b7e6600         Options.compression_opts.parallel_threads: 1
2021/11/07-18:44:20.732781 10b7e6600                  Options.compression_opts.enabled: false
2021/11/07-18:44:20.732782 10b7e6600      Options.level0_file_num_compaction_trigger: 4
2021/11/07-18:44:20.732783 10b7e6600          Options.level0_slowdown_writes_trigger: 20
2021/11/07-18:44:20.732784 10b7e6600              Options.level0_stop_writes_trigger: 36
2021/11/07-18:44:20.732785 10b7e6600                   Options.target_file_size_base: 107374182
2021/11/07-18:44:20.732786 10b7e6600             Options.target_file_size_multiplier: 1
2021/11/07-18:44:20.732788 10b7e6600                Options.max_bytes_for_level_base: 1073741824
2021/11/07-18:44:20.732789 10b7e6600 Options.level_compaction_dynamic_level_bytes: 0
2021/11/07-18:44:20.732790 10b7e6600          Options.max_bytes_for_level_multiplier: 10.000000
2021/11/07-18:44:20.732791 10b7e6600 Options.max_bytes_for_level_multiplier_addtl[0]: 1
2021/11/07-18:44:20.732793 10b7e6600 Options.max_bytes_for_level_multiplier_addtl[1]: 1
2021/11/07-18:44:20.732794 10b7e6600 Options.max_bytes_for_level_multiplier_addtl[2]: 1
2021/11/07-18:44:20.732795 10b7e6600 Options.max_bytes_for_level_multiplier_addtl[3]: 1
2021/11/07-18:44:20.732797 10b7e6600 Options.max_bytes_for_level_multiplier_addtl[4]: 1
2021/11/07-18:44:20.732798 10b7e6600 Options.max_bytes_for_level_multiplier_addtl[5]: 1
2021/11/07-18:44:20.732799 10b7e6600 Options.max_bytes_for_level_multiplier_addtl[6]: 1
2021/11/07-18:44:20.732834 10b7e6600       Options.max_sequential_skip_in_iterations: 8
2021/11/07-18:44:20.732838 10b7e6600                    Options.max_compaction_bytes: 2684354550
2021/11/07-18:44:20.732840 10b7e6600                        Options.arena_block_size: 33554432
2021/11/07-18:44:20.732842 10b7e6600   Options.soft_pending_compaction_bytes_limit: 68719476736
2021/11/07-18:44:20.732844 10b7e6600   Options.hard_pending_compaction_bytes_limit: 274877906944
2021/11/07-18:44:20.732846 10b7e6600       Options.rate_limit_delay_max_milliseconds: 100
2021/11/07-18:44:20.732848 10b7e6600                Options.disable_auto_compactions: 0
2021/11/07-18:44:20.732849 10b7e6600                        Options.compaction_style: kCompactionStyleLevel
2021/11/07-18:44:20.732851 10b7e6600                          Options.compaction_pri: kMinOverlappingRatio
2021/11/07-18:44:20.732852 10b7e6600 Options.compaction_options_universal.size_ratio: 1
2021/11/07-18:44:20.732854 10b7e6600 Options.compaction_options_universal.min_merge_width: 2
2021/11/07-18:44:20.732856 10b7e6600 Options.compaction_options_universal.max_merge_width: 4294967295
2021/11/07-18:44:20.732857 10b7e6600 Options.compaction_options_universal.max_size_amplification_percent: 200
2021/11/07-18:44:20.732859 10b7e6600 Options.compaction_options_universal.compression_size_percent: -1
2021/11/07-18:44:20.732862 10b7e6600 Options.compaction_options_universal.stop_style: kCompactionStopStyleTotalSize
2021/11/07-18:44:20.732863 10b7e6600 Options.compaction_options_fifo.max_table_files_size: 1073741824
2021/11/07-18:44:20.732865 10b7e6600 Options.compaction_options_fifo.allow_compaction: 0
2021/11/07-18:44:20.732898 10b7e6600                   Options.table_properties_collectors: 
2021/11/07-18:44:20.732900 10b7e6600                   Options.inplace_update_support: 0
2021/11/07-18:44:20.732902 10b7e6600                 Options.inplace_update_num_locks: 10000
2021/11/07-18:44:20.732904 10b7e6600               Options.memtable_prefix_bloom_size_ratio: 0.000000
2021/11/07-18:44:20.732906 10b7e6600               Options.memtable_whole_key_filtering: 0
2021/11/07-18:44:20.732907 10b7e6600   Options.memtable_huge_page_size: 0
2021/11/07-18:44:20.732909 10b7e6600                           Options.bloom_locality: 0
2021/11/07-18:44:20.732911 10b7e6600                    Options.max_successive_merges: 0
2021/11/07-18:44:20.732913 10b7e6600                Options.optimize_filters_for_hits: 0
2021/11/07-18:44:20.732914 10b7e6600                Options.paranoid_file_checks: 0
2021/11/07-18:44:20.732916 10b7e6600                Options.force_consistency_checks: 1
2021/11/07-18:44:20.732918 10b7e6600                Options.report_bg_io_stats: 0
2021/11/07-18:44:20.732919 10b7e6600                               Options.ttl: 2592000
2021/11/07-18:44:20.732921 10b7e6600          Options.periodic_compaction_seconds: 2592000
2021/11/07-18:44:20.732923 10b7e6600                    Options.enable_blob_files: false
2021/11/07-18:44:20.732924 10b7e6600                        Options.min_blob_size: 0
2021/11/07-18:44:20.732926 10b7e6600                       Options.blob_file_size: 268435456
2021/11/07-18:44:20.732928 10b7e6600                Options.blob_compression_type: NoCompression
2021/11/07-18:44:20.732929 10b7e6600       Options.enable_blob_garbage_collection: false
2021/11/07-18:44:20.732931 10b7e6600   Options.blob_garbage_collection_age_cutoff: 0.250000
2021/11/07-18:44:20.732970 10b7e6600 [db/column_family.cc:597] --------------- Options for column family [dead_slots]:
2021/11/07-18:44:20.732972 10b7e6600               Options.comparator: leveldb.BytewiseComparator
2021/11/07-18:44:20.732974 10b7e6600           Options.merge_operator: None
2021/11/07-18:44:20.732976 10b7e6600        Options.compaction_filter: None
2021/11/07-18:44:20.732978 10b7e6600        Options.compaction_filter_factory: purged_slot_filter_factory(dead_slots)
2021/11/07-18:44:20.732979 10b7e6600  Options.sst_partitioner_factory: None
2021/11/07-18:44:20.732981 10b7e6600         Options.memtable_factory: SkipListFactory
2021/11/07-18:44:20.732982 10b7e6600            Options.table_factory: BlockBasedTable
2021/11/07-18:44:20.733002 10b7e6600            table_factory options:   flush_block_policy_factory: FlushBlockBySizePolicyFactory (0x6000026bc990)
  cache_index_and_filter_blocks: 0
  cache_index_and_filter_blocks_with_high_priority: 1
  pin_l0_filter_and_index_blocks_in_cache: 0
  pin_top_level_index_and_filter: 1
  index_type: 0
  data_block_index_type: 0
  index_shortening: 1
  data_block_hash_table_util_ratio: 0.750000
  hash_index_allow_collision: 1
  checksum: 1
  no_block_cache: 0
  block_cache: 0x6000015a9878
  block_cache_name: LRUCache
  block_cache_options:
    capacity : 8388608
    num_shard_bits : 4
    strict_capacity_limit : 0
    memory_allocator : None
    high_pri_pool_ratio: 0.000
  block_cache_compressed: 0x0
  persistent_cache: 0x0
  block_size: 4096
  block_size_deviation: 10
  block_restart_interval: 16
  index_block_restart_interval: 1
  metadata_block_size: 4096
  partition_filters: 0
  use_delta_encoding: 1
  filter_policy: nullptr
  whole_key_filtering: 1
  verify_compression: 0
  read_amp_bytes_per_bit: 0
  format_version: 4
  enable_index_compression: 1
  block_align: 0
2021/11/07-18:44:20.733006 10b7e6600        Options.write_buffer_size: 268435456
2021/11/07-18:44:20.733008 10b7e6600  Options.max_write_buffer_number: 8
2021/11/07-18:44:20.733009 10b7e6600          Options.compression: NoCompression
2021/11/07-18:44:20.733011 10b7e6600                  Options.bottommost_compression: Disabled
2021/11/07-18:44:20.733013 10b7e6600       Options.prefix_extractor: nullptr
2021/11/07-18:44:20.733014 10b7e6600   Options.memtable_insert_with_hint_prefix_extractor: nullptr
2021/11/07-18:44:20.733042 10b7e6600             Options.num_levels: 7
2021/11/07-18:44:20.733044 10b7e6600        Options.min_write_buffer_number_to_merge: 1
2021/11/07-18:44:20.733045 10b7e6600     Options.max_write_buffer_number_to_maintain: 0
2021/11/07-18:44:20.733047 10b7e6600     Options.max_write_buffer_size_to_maintain: 0
2021/11/07-18:44:20.733048 10b7e6600            Options.bottommost_compression_opts.window_bits: -14
2021/11/07-18:44:20.733050 10b7e6600                  Options.bottommost_compression_opts.level: 32767
2021/11/07-18:44:20.733052 10b7e6600               Options.bottommost_compression_opts.strategy: 0
2021/11/07-18:44:20.733054 10b7e6600         Options.bottommost_compression_opts.max_dict_bytes: 0
2021/11/07-18:44:20.733056 10b7e6600         Options.bottommost_compression_opts.zstd_max_train_bytes: 0
2021/11/07-18:44:20.733057 10b7e6600         Options.bottommost_compression_opts.parallel_threads: 1
2021/11/07-18:44:20.733059 10b7e6600                  Options.bottommost_compression_opts.enabled: false
2021/11/07-18:44:20.733061 10b7e6600            Options.compression_opts.window_bits: -14
2021/11/07-18:44:20.733062 10b7e6600                  Options.compression_opts.level: 32767
2021/11/07-18:44:20.733064 10b7e6600               Options.compression_opts.strategy: 0
2021/11/07-18:44:20.733066 10b7e6600         Options.compression_opts.max_dict_bytes: 0
2021/11/07-18:44:20.733067 10b7e6600         Options.compression_opts.zstd_max_train_bytes: 0
2021/11/07-18:44:20.733069 10b7e6600         Options.compression_opts.parallel_threads: 1
2021/11/07-18:44:20.733071 10b7e6600                  Options.compression_opts.enabled: false
2021/11/07-18:44:20.733072 10b7e6600      Options.level0_file_num_compaction_trigger: 4
2021/11/07-18:44:20.733074 10b7e6600          Options.level0_slowdown_writes_trigger: 20
2021/11/07-18:44:20.733076 10b7e6600              Options.level0_stop_writes_trigger: 36
2021/11/07-18:44:20.733077 10b7e6600                   Options.target_file_size_base: 107374182
2021/11/07-18:44:20.733079 10b7e6600             Options.target_file_size_multiplier: 1
2021/11/07-18:44:20.733080 10b7e6600                Options.max_bytes_for_level_base: 1073741824
2021/11/07-18:44:20.733082 10b7e6600 Options.level_compaction_dynamic_level_bytes: 0
2021/11/07-18:44:20.733084 10b7e6600          Options.max_bytes_for_level_multiplier: 10.000000
2021/11/07-18:44:20.733086 10b7e6600 Options.max_bytes_for_level_multiplier_addtl[0]: 1
2021/11/07-18:44:20.733088 10b7e6600 Options.max_bytes_for_level_multiplier_addtl[1]: 1
2021/11/07-18:44:20.733089 10b7e6600 Options.max_bytes_for_level_multiplier_addtl[2]: 1
2021/11/07-18:44:20.733091 10b7e6600 Options.max_bytes_for_level_multiplier_addtl[3]: 1
2021/11/07-18:44:20.733093 10b7e6600 Options.max_bytes_for_level_multiplier_addtl[4]: 1
2021/11/07-18:44:20.733095 10b7e6600 Options.max_bytes_for_level_multiplier_addtl[5]: 1
2021/11/07-18:44:20.733097 10b7e6600 Options.max_bytes_for_level_multiplier_addtl[6]: 1
2021/11/07-18:44:20.733098 10b7e6600       Options.max_sequential_skip_in_iterations: 8
2021/11/07-18:44:20.733100 10b7e6600                    Options.max_compaction_bytes: 2684354550
2021/11/07-18:44:20.733102 10b7e6600                        Options.arena_block_size: 33554432
2021/11/07-18:44:20.733104 10b7e6600   Options.soft_pending_compaction_bytes_limit: 68719476736
2021/11/07-18:44:20.733105 10b7e6600   Options.hard_pending_compaction_bytes_limit: 274877906944
2021/11/07-18:44:20.733107 10b7e6600       Options.rate_limit_delay_max_milliseconds: 100
2021/11/07-18:44:20.733109 10b7e6600                Options.disable_auto_compactions: 0
2021/11/07-18:44:20.733111 10b7e6600                        Options.compaction_style: kCompactionStyleLevel
2021/11/07-18:44:20.733112 10b7e6600                          Options.compaction_pri: kMinOverlappingRatio
2021/11/07-18:44:20.733114 10b7e6600 Options.compaction_options_universal.size_ratio: 1
2021/11/07-18:44:20.733116 10b7e6600 Options.compaction_options_universal.min_merge_width: 2
2021/11/07-18:44:20.733139 10b7e6600 Options.compaction_options_universal.max_merge_width: 4294967295
2021/11/07-18:44:20.733141 10b7e6600 Options.compaction_options_universal.max_size_amplification_percent: 200
2021/11/07-18:44:20.733143 10b7e6600 Options.compaction_options_universal.compression_size_percent: -1
2021/11/07-18:44:20.733145 10b7e6600 Options.compaction_options_universal.stop_style: kCompactionStopStyleTotalSize
2021/11/07-18:44:20.733147 10b7e6600 Options.compaction_options_fifo.max_table_files_size: 1073741824
2021/11/07-18:44:20.733149 10b7e6600 Options.compaction_options_fifo.allow_compaction: 0
2021/11/07-18:44:20.733151 10b7e6600                   Options.table_properties_collectors: 
2021/11/07-18:44:20.733152 10b7e6600                   Options.inplace_update_support: 0
2021/11/07-18:44:20.733154 10b7e6600                 Options.inplace_update_num_locks: 10000
2021/11/07-18:44:20.733156 10b7e6600               Options.memtable_prefix_bloom_size_ratio: 0.000000
2021/11/07-18:44:20.733158 10b7e6600               Options.memtable_whole_key_filtering: 0
2021/11/07-18:44:20.733159 10b7e6600   Options.memtable_huge_page_size: 0
2021/11/07-18:44:20.733161 10b7e6600                           Options.bloom_locality: 0
2021/11/07-18:44:20.733163 10b7e6600                    Options.max_successive_merges: 0
2021/11/07-18:44:20.733165 10b7e6600                Options.optimize_filters_for_hits: 0
2021/11/07-18:44:20.733166 10b7e6600                Options.paranoid_file_checks: 0
2021/11/07-18:44:20.733168 10b7e6600                Options.force_consistency_checks: 1
2021/11/07-18:44:20.733169 10b7e6600                Options.report_bg_io_stats: 0
2021/11/07-18:44:20.733171 10b7e6600                               Options.ttl: 2592000
2021/11/07-18:44:20.733173 10b7e6600          Options.periodic_compaction_seconds: 2592000
2021/11/07-18:44:20.733174 10b7e6600                    Options.enable_blob_files: false
2021/11/07-18:44:20.733176 10b7e6600                        Options.min_blob_size: 0
2021/11/07-18:44:20.733178 10b7e6600                       Options.blob_file_size: 268435456
2021/11/07-18:44:20.733179 10b7e6600                Options.blob_compression_type: NoCompression
2021/11/07-18:44:20.733181 10b7e6600       Options.enable_blob_garbage_collection: false
2021/11/07-18:44:20.733183 10b7e6600   Options.blob_garbage_collection_age_cutoff: 0.250000
2021/11/07-18:44:20.733213 10b7e6600 [db/column_family.cc:597] --------------- Options for column family [duplicate_slots]:
2021/11/07-18:44:20.733216 10b7e6600               Options.comparator: leveldb.BytewiseComparator
2021/11/07-18:44:20.733217 10b7e6600           Options.merge_operator: None
2021/11/07-18:44:20.733219 10b7e6600        Options.compaction_filter: None
2021/11/07-18:44:20.733221 10b7e6600        Options.compaction_filter_factory: purged_slot_filter_factory(duplicate_slots)
2021/11/07-18:44:20.733223 10b7e6600  Options.sst_partitioner_factory: None
2021/11/07-18:44:20.733224 10b7e6600         Options.memtable_factory: SkipListFactory
2021/11/07-18:44:20.733226 10b7e6600            Options.table_factory: BlockBasedTable
2021/11/07-18:44:20.733243 10b7e6600            table_factory options:   flush_block_policy_factory: FlushBlockBySizePolicyFactory (0x6000026bca10)
  cache_index_and_filter_blocks: 0
  cache_index_and_filter_blocks_with_high_priority: 1
  pin_l0_filter_and_index_blocks_in_cache: 0
  pin_top_level_index_and_filter: 1
  index_type: 0
  data_block_index_type: 0
  index_shortening: 1
  data_block_hash_table_util_ratio: 0.750000
  hash_index_allow_collision: 1
  checksum: 1
  no_block_cache: 0
  block_cache: 0x6000015a99b8
  block_cache_name: LRUCache
  block_cache_options:
    capacity : 8388608
    num_shard_bits : 4
    strict_capacity_limit : 0
    memory_allocator : None
    high_pri_pool_ratio: 0.000
  block_cache_compressed: 0x0
  persistent_cache: 0x0
  block_size: 4096
  block_size_deviation: 10
  block_restart_interval: 16
  index_block_restart_interval: 1
  metadata_block_size: 4096
  partition_filters: 0
  use_delta_encoding: 1
  filter_policy: nullptr
  whole_key_filtering: 1
  verify_compression: 0
  read_amp_bytes_per_bit: 0
  format_version: 4
  enable_index_compression: 1
  block_align: 0
2021/11/07-18:44:20.733269 10b7e6600        Options.write_buffer_size: 268435456
2021/11/07-18:44:20.733271 10b7e6600  Options.max_write_buffer_number: 8
2021/11/07-18:44:20.733273 10b7e6600          Options.compression: NoCompression
2021/11/07-18:44:20.733275 10b7e6600                  Options.bottommost_compression: Disabled
2021/11/07-18:44:20.733277 10b7e6600       Options.prefix_extractor: nullptr
2021/11/07-18:44:20.733278 10b7e6600   Options.memtable_insert_with_hint_prefix_extractor: nullptr
2021/11/07-18:44:20.733280 10b7e6600             Options.num_levels: 7
2021/11/07-18:44:20.733282 10b7e6600        Options.min_write_buffer_number_to_merge: 1
2021/11/07-18:44:20.733283 10b7e6600     Options.max_write_buffer_number_to_maintain: 0
2021/11/07-18:44:20.733285 10b7e6600     Options.max_write_buffer_size_to_maintain: 0
2021/11/07-18:44:20.733287 10b7e6600            Options.bottommost_compression_opts.window_bits: -14
2021/11/07-18:44:20.733288 10b7e6600                  Options.bottommost_compression_opts.level: 32767
2021/11/07-18:44:20.733290 10b7e6600               Options.bottommost_compression_opts.strategy: 0
2021/11/07-18:44:20.733292 10b7e6600         Options.bottommost_compression_opts.max_dict_bytes: 0
2021/11/07-18:44:20.733294 10b7e6600         Options.bottommost_compression_opts.zstd_max_train_bytes: 0
2021/11/07-18:44:20.733295 10b7e6600         Options.bottommost_compression_opts.parallel_threads: 1
2021/11/07-18:44:20.733297 10b7e6600                  Options.bottommost_compression_opts.enabled: false
2021/11/07-18:44:20.733299 10b7e6600            Options.compression_opts.window_bits: -14
2021/11/07-18:44:20.733300 10b7e6600                  Options.compression_opts.level: 32767
2021/11/07-18:44:20.733302 10b7e6600               Options.compression_opts.strategy: 0
2021/11/07-18:44:20.733303 10b7e6600         Options.compression_opts.max_dict_bytes: 0
2021/11/07-18:44:20.733305 10b7e6600         Options.compression_opts.zstd_max_train_bytes: 0
2021/11/07-18:44:20.733307 10b7e6600         Options.compression_opts.parallel_threads: 1
2021/11/07-18:44:20.733308 10b7e6600                  Options.compression_opts.enabled: false
2021/11/07-18:44:20.733310 10b7e6600      Options.level0_file_num_compaction_trigger: 4
2021/11/07-18:44:20.733312 10b7e6600          Options.level0_slowdown_writes_trigger: 20
2021/11/07-18:44:20.733313 10b7e6600              Options.level0_stop_writes_trigger: 36
2021/11/07-18:44:20.733315 10b7e6600                   Options.target_file_size_base: 107374182
2021/11/07-18:44:20.733317 10b7e6600             Options.target_file_size_multiplier: 1
2021/11/07-18:44:20.733318 10b7e6600                Options.max_bytes_for_level_base: 1073741824
2021/11/07-18:44:20.733319 10b7e6600 Options.level_compaction_dynamic_level_bytes: 0
